$ 20 последовательных запросов, тайминги
0.000349 0.000828 0.000901
0.000365 0.000775 0.000841
0.000207 0.000502 0.000542
0.000255 0.000540 0.000604
0.000139 0.000299 0.000324
0.000157 0.000355 0.000385
0.000129 0.000285 0.000309
0.000124 0.000271 0.000295
0.000119 0.000260 0.000282
0.000128 0.000273 0.000298
0.000107 0.000231 0.000250
0.000119 0.000283 0.000304
0.000110 0.000246 0.000266
0.000128 0.000283 0.000307
0.000098 0.000203 0.000221
0.000110 0.000232 0.000252
0.000107 0.000231 0.000254
0.000111 0.000279 0.000299
0.000091 0.000213 0.000233
0.000086 0.000181 0.000196

$ ss -s
Total: 972
TCP:   49 (estab 10, closed 21, orphaned 0, timewait 21)

Transport Total     IP        IPv6
RAW	  3         1         2        
UDP	  39        35        4        
TCP	  28        22        6        
INET	  70        58        12       
FRAG	  0         0         0        

